17.9
17.8
17.9
18.0
17.9
17.9
17.8
17.7
17.9
17.8
18.0
17.9
17.10
17.9
18.1
17.8
17.8
17.10
17.8
17.9
18.2
17.9
17.9
18.1
17.9
17.8
18.0
17.8
17.8
17.9
17.8
17.9
18.1
17.9
17.10
17.8
17.8
17.8
18.0
17.9
17.8
18.2
17.9
17.9
18.1
17.9
18.1
17.9
17.10
17.9
18.1
17.9
17.9
17.9
17.8
18.1
17.8
17.8
17.9
17.8
17.8
18.2
17.9
17.8
17.8
17.9
17.8
17.9
17.9
18.1
17.8
17.9
18.0
18.2
17.8
17.9
17.8
17.8
18.0
17.7
17.9
17.9
17.7
18.1
18.5
18.0
17.8
18.1
17.9
17.8
18.0
18.0
17.9
17.9
17.9
17.9
17.8
17.9
17.9
17.9
