7.00
3.87
4.15
4.47
4.57
3.80
3.81
3.80
4.03
6.88
4.34
3.95
4.32
4.28
4.24
3.93
1011
4.39
3.83
3.83
3.90
3.96
4.54
4.80
4.04
3.98
3.81
4.77
3.85
3.91
3.94
3.76
4.63
4.01
3.96
3.97
3.99
3.89
3.81
3.83
3.87
3.91
4.47
3.97
3.88
3.84
3.82
4.06
4.04
3.87
3.93
4.23
4.03
3.97
3.88
4.34
3.99
3.82
4.00
3.97
4.18
3.91
3.87
4.03
3.84
4.05
4.07
3.97
3.85
3.77
3.98
4.08
3.81
4.06
4.01
3.81
3.89
3.82
3.86
3.98
3.80
3.82
4.24
4.05
4.21
4.09
3.91
3.85
3.89
4.03
4.01
3.93
3.87
3.90
3.77
3.84
3.80
3.99
3.90
4.22
